0	453
1	525
10	484
11	456
12	482
13	464
14	514
15	462
16	480
17	499
18	516
19	457
3	521
30	512
31	484
32	515
33	489
34	509
35	510
36	501
37	487
38	511
39	498
4	499
40	508
41	496
42	510
43	487
44	506
45	552
46	477
47	508
48	533
49	486
5	502
50	492
51	527
52	486
53	469
54	508
55	470
56	477
57	481
58	530
59	541
6	519
60	516
61	511
62	485
63	490
64	500
65	515
66	468
67	511
68	487
69	504
7	515
70	520
71	478
72	505
73	534
74	478
75	492
76	506
77	473
78	478
79	527
8	462
80	520
81	512
82	500
83	504
84	515
85	539
86	512
87	513
88	540
89	533
9	494
90	466
91	465
92	469
93	483
94	499
95	511
96	523
97	525
98	531
99	512
